0 7.25
1 6.3604060913705585
2 5.277278562259307
3 4.243083003952569
4 3.1284331676693697
5 2.0392618056812015
6 0.9992833596101476
7 0.045373051992828574
8 -0.8937786924172867
9 -1.6979431929480902
10 -2.4813245033112583
11 -2.9715772618094474
12 -3.263659466327827
13 -3.345398138572906
14 -3.3866666666666667
15 -3.1758530183727034
16 -2.9448818897637796
17 -2.337142857142857
18 -1.3333333333333333
19 -2.6555555555555554
20 -0.6962025316455697
21 -0.6451612903225806
22 -0.03125
23 -0.25
24 0.2692307692307692
25 1.1538461538461537
26 0.9347826086956522
27 -0.8936170212765957
28 0.6923076923076923
29 0.5161290322580645
30 0.945054945054945
31 1.375
32 2.042016806722689
33 2.2133333333333334
34 2.888888888888889
35 2.8516624040920715
36 3.721461187214612
37 3.678781925343811
38 3.308491142333537
39 2.96135831381733
40 2.4316604378003204
41 1.7948811700182816
42 0.8336801426872771
43 -0.009903640256959315
44 -0.9649241603466956
45 -2.0016946280291474
46 -3.103267647792467
47 -4.210182157870154
48 -5.231664726426077
49 -6.400966183574879
50 -7.275862068965517
