0 7.233716475095785
1 6.3544303797468356
2 5.267122451471127
3 4.16846117198666
4 3.100243184436196
5 2.0148967172366503
6 1.0144976829216446
7 0.037128137853755856
8 -0.9045997628674795
9 -1.7092399090718065
10 -2.4090595661167984
11 -2.9760132995566813
12 -3.344276674393835
13 -3.501306270096463
14 -3.305106868983521
15 -3.1014857718458826
16 -2.791713747645951
17 -2.1959496442255064
18 -1.718887262079063
19 -1.4658886894075405
20 -1.1401971522453451
21 -0.9183673469387755
22 -0.7078189300411523
23 -0.07225433526011561
24 0.009630818619582664
25 -0.2884012539184953
26 0.309375
27 0.6310077519379845
28 0.5013661202185792
29 0.8123249299719888
30 1.1802120141342756
31 1.583415597235933
32 1.6300940438871474
33 2.2637698898408813
34 2.911447945751895
35 3.183821553345875
36 3.4321949602122017
37 3.50419995902479
38 3.362997364127024
39 2.9940638912754824
40 2.41478869505276
41 1.6986942266024965
42 0.8974114873747676
43 -0.016291432574623278
44 -1.0219270234597864
45 -2.0306532576633143
46 -3.095543026252009
47 -4.152844116369952
48 -5.222721749696233
49 -6.434486117876278
50 -7.362637362637362
